------------------------------------------------------------------------
		diameter = [ 1.88e-05 , 5.64e-05 ]
		
velocity = [ 1.10702 , 35.971 ] mm/s
		
mean velocity = 13.1398 mm/s
		
reynolds = [ 0.0137685 , 0.305221 ]
		
WSS = [ 4.50727 , 347.622 ] dyn/cm^2
		
viscosity = [ 2.56997 , 4.12681 ] cPS
		
mean psi = 4301.6 #/mm^2
