------------------------------------------------------------------------
		diameter = [ 1.88e-05 , 5.64e-05 ]
		
velocity = [ 0.553497 , 17.9854 ] mm/s
		
mean velocity = 6.56978 mm/s
		
reynolds = [ 0.00688373 , 0.152608 ]
		
WSS = [ 2.25366 , 173.811 ] dyn/cm^2
		
viscosity = [ 2.57 , 4.12695 ] cPS
		
mean psi = 2163.43 #/mm^2
