------------------------------------------------------------------------
		diameter = [ 1.88e-05 , 5.64e-05 ]
		
velocity = [ 1.12559 , 35.9304 ] mm/s
		
mean velocity = 13.1138 mm/s
		
reynolds = [ 0.0137621 , 0.304516 ]
		
WSS = [ 4.41175 , 347.638 ] dyn/cm^2
		
viscosity = [ 2.54766 , 4.12681 ] cPS
