------------------------------------------------------------------------
		diameter = [ 1.88e-05 , 5.64e-05 ]
		
velocity = [ 0.553498 , 17.9854 ] mm/s
		
mean velocity = 6.56979 mm/s
		
reynolds = [ 0.00688396 , 0.152609 ]
		
WSS = [ 2.25365 , 173.811 ] dyn/cm^2
		
viscosity = [ 2.57 , 4.12686 ] cPS
		
mean psi = 1936.95 #/mm^2
